<?xml version="1.0"?>
<opencv_storage>
<images>
images/capture_1204090091_0000_ir_grey.jpg
images/capture_1204090091_0001_ir_grey.jpg
images/capture_1204090091_0002_ir_grey.jpg
images/capture_1204090091_0003_ir_grey.jpg
images/capture_1204090091_0004_ir_grey.jpg
images/capture_1204090091_0005_ir_grey.jpg
images/capture_1204090091_0006_ir_grey.jpg
</images>
</opencv_storage>